
100: 634 159300 609 89600 636 3402300 622 100100 627 96600 626 90600 607 88800 620 91000 631 104600 629 99900 630 89300 627 90600 610 91400 636 92600 640 95200 640 97900 635 92400 617 90800 611 83100 624 90800 644 79000 619 89700 604 76800 607 81600 596 92800 630 190000 614 93300 649 95000 618 89700 606 98900 620 95800 602 84700 615 97700 626 104800 607 343700 608 223800 648 242900 638 230500 631 235600 627 224300 610 224000 621 226000 613 227300 641 241100 616 234800 591 219500 615 226900 615 221400 655 465800 616 90900 
200: 1449 205800 1467 216100 1433 210800 1492 210300 1462 196100 1443 199700 1452 201700 1443 186100 1449 248000 1471 234900 1440 200600 1432 246400 1477 236500 1448 230200 1450 215300 1441 210100 1450 198900 1440 195100 1459 203300 1473 213900 1482 211500 1458 196700 1456 210800 1462 209700 1447 475700 1474 541600 1441 525900 1431 378500 1506 207800 1457 129800 1446 125000 1439 119600 1446 118200 1452 91500 1474 73700 1458 83200 1451 126100 1440 85300 1451 81700 1486 80700 1428 79100 1495 138200 1426 117400 1447 122400 1476 128700 1444 123700 1491 91000 1446 104800 1463 123100 1427 131900 
300: 2324 174000 2396 67100 2334 87600 2395 139700 2367 71300 2391 66000 2313 108100 2348 70500 2363 60700 2366 65900 2386 80800 2371 67100 2357 59400 2289 73200 2387 74400 2337 60400 2402 73800 2376 76100 2379 67400 2377 67100 2349 79000 2330 107100 2378 89200 2330 76300 2345 98000 2361 53400 2324 233900 2345 49000 2319 50500 2342 78100 2365 290400 2368 77800 2317 53500 2372 52200 2347 268100 2363 81300 2368 75700 2355 59200 2385 50000 2345 48700 2410 50900 2333 47100 2374 48800 2399 49000 2309 89500 2397 51700 2325 48400 2338 60500 2350 48900 2403 50400 
400: 3370 57900 3316 60200 3339 56100 3296 63100 3323 56500 3297 136100 3290 63800 3267 108200 3339 67300 3286 72800 3313 66300 3264 67200 3284 67400 3316 69200 3287 83100 3322 69600 3235 91900 3377 66800 3303 172300 3319 64600 3330 98900 3327 64400 3330 61100 3350 68300 3309 89600 3310 186400 3280 66100 3290 68800 3334 67500 3378 68300 3331 66200 3314 67200 3294 68000 3257 226500 3278 66700 3256 51000 3295 52000 3299 51900 3325 59400 3303 49700 3332 48900 3305 51700 3293 49500 3308 45600 3352 50000 3292 47700 3293 41100 3337 51300 3380 46600 3329 44800 
500: 4298 57000 4285 59700 4328 66000 4289 65500 4281 66200 4333 65500 4259 65700 4218 67800 4330 66600 4339 69300 4297 55500 4266 64400 4284 55700 4299 58100 4261 63000 4315 59500 4268 61300 4307 64400 4314 59600 4275 61700 4290 63900 4250 58000 4331 65500 4293 65000 4255 57400 4285 65600 4304 83500 4242 82400 4311 57900 4243 63100 4316 64300 4303 70300 4235 72700 4276 65300 4356 66100 4334 63600 4293 63600 4289 62300 4335 188400 4324 118800 4336 82200 4240 71800 4276 65600 4306 66700 4292 64900 4273 65500 4332 68200 4303 59500 4267 64600 4245 163400 
600: 5335 79500 5329 78900 5293 81000 5343 79000 5281 80900 5263 73800 5277 84200 5287 83100 5304 78400 5371 79600 5298 82000 5287 71700 5346 78200 5342 79600 5322 81700 5333 78600 5328 103400 5354 79900 5362 80300 5338 81900 5340 80100 5340 80300 5296 82700 5383 82300 5331 93500 5350 83000 5222 81500 5321 79200 5321 79800 5277 84500 5342 87100 5278 86100 5329 94500 5262 77400 5364 83000 5357 84500 5251 82800 5295 82400 5347 82200 5288 79800 5283 79600 5335 85600 5347 87100 5260 79500 5298 87800 5296 84300 5338 89300 5315 82500 5354 81400 5309 82900 
700: 6286 97200 6389 98900 6350 96600 6376 98000 6360 84500 6345 90300 6368 85100 6350 84300 6320 84100 6368 91400 6346 84200 6300 88000 6380 81100 6442 90100 6345 96500 6359 94300 6429 94900 6397 88800 6330 92700 6351 93300 6316 94300 6394 92800 6342 96300 6324 190400 6377 92100 6304 94400 6323 91200 6383 89800 6359 93200 6383 91600 6364 97600 6359 94100 6346 102200 6341 89000 6373 91700 6333 92100 6404 94500 6366 96800 6384 94400 6343 94200 6344 93800 6391 83500 6367 89300 6339 93900 6422 106000 6382 83700 6406 94800 6271 84700 6359 86200 6442 95300 
800: 7504 183400 7411 99800 7461 109300 7376 117600 7440 112200 7414 93800 7377 104500 7492 113200 7440 111800 7421 109600 7450 115100 7407 112900 7434 110900 7385 118400 7491 113100 7437 111900 7399 112400 7461 96600 7365 93200 7471 101100 7479 100600 7524 174400 7352 110500 7457 101500 7408 103100 7362 116000 7448 108700 7432 173900 7471 111300 7455 345000 7418 164900 7397 108200 7439 131600 7446 97400 7427 124500 7421 101700 7510 103900 7422 105700 7375 102000 7476 143300 7454 99500 7461 100900 7449 186500 7387 100900 7518 92500 7468 112300 7446 112800 7417 108400 7384 112400 7434 105700 
900: 8455 129800 8480 128900 8565 131300 8506 125700 8517 127800 8527 129100 8476 115800 8455 130000 8601 132500 8586 129800 8576 128800 8549 128600 8556 129500 8456 128800 8483 122300 8489 122400 8462 122700 8555 108400 8490 122100 8414 113700 8539 126200 8470 115300 8501 137300 8480 125600 8516 122200 8556 132300 8444 111200 8475 105800 8538 111900 8412 854600 8540 128000 8545 123400 8506 129500 8567 158100 8531 124000 8481 117100 8556 118100 8492 129400 8529 129000 8464 128300 8467 127300 8530 121100 8614 121200 8528 125600 8438 129000 8452 124600 8534 117100 8512 108300 8490 112700 8495 119700 
1000: 9601 134900 9616 140700 9571 131000 9553 125300 9619 143300 9631 129800 9561 136500 9638 130500 9642 147400 9585 131600 9610 140100 9662 133400 9617 126300 9561 139500 9564 135600 9626 120600 9562 103200 9582 135900 9641 134500 9672 144800 9542 144000 9582 157600 9544 180200 9510 136400 9531 144500 9587 167000 9561 131500 9628 155800 9562 146300 9528 136700 9638 131600 9558 137200 9548 122300 9561 131200 9618 126300 9544 129400 9614 204000 9633 138500 9624 160100 9560 138000 9572 142200 9683 182300 9624 150500 9623 124600 9598 125800 9560 158800 9604 166800 9541 124300 9550 131200 9587 138200 