
100: 99 1248500 99 50000 99 29500 99 33000 99 29700 99 36200 99 36800 99 38500 99 43600 99 38800 99 32500 99 35000 99 48700 99 35800 99 31900 99 32100 99 34400 99 31200 99 39900 99 54800 99 24200 99 20600 99 20000 99 21400 99 22400 99 25500 99 21800 99 30100 99 21700 99 21900 99 22400 99 23300 99 21400 99 24000 99 39500 99 37800 99 30300 99 29600 99 28600 99 28700 99 30000 99 36500 99 27600 99 31700 99 20400 99 31800 99 30500 99 27400 99 31000 99 21600 
200: 199 42900 199 41000 199 45600 199 42300 199 40400 199 43600 199 39100 199 34600 199 38500 199 45200 199 42200 199 43400 199 45500 199 42700 199 43000 199 40900 199 42200 199 40000 199 43200 199 48600 199 44700 199 39500 199 40600 199 51700 199 39200 199 70100 199 74500 199 43100 199 43700 199 80300 199 67300 199 69400 199 39500 199 53700 199 44700 199 42200 199 75300 199 53900 199 42000 199 41200 199 46000 199 65800 199 74200 199 80200 199 73200 199 72800 199 42000 199 77900 199 73800 199 150800 
300: 299 120100 299 60200 299 34700 299 85700 299 30900 299 34500 299 31400 299 33800 299 33400 299 32400 299 30000 299 36700 299 27100 299 37600 299 31700 299 35100 299 37900 299 35400 299 35900 299 44500 299 34400 299 32600 299 34200 299 33300 299 46000 299 29100 299 42400 299 35500 299 35500 299 34600 299 35800 299 35100 299 34600 299 31400 299 32400 299 32500 299 33200 299 39000 299 36200 299 33800 299 42800 299 27000 299 33300 299 33800 299 32800 299 34600 299 33600 299 32900 299 31500 299 35200 
400: 399 42700 399 45500 399 43300 399 45000 399 50300 399 41500 399 42700 399 45600 399 46000 399 46100 399 55200 399 44400 399 43600 399 43200 399 43200 399 44100 399 40900 399 53400 399 829700 399 42100 399 38900 399 49000 399 42400 399 44300 399 45400 399 44800 399 44600 399 45200 399 42900 399 45700 399 45000 399 48100 399 43500 399 48100 399 43100 399 44700 399 45600 399 45900 399 44200 399 44100 399 41500 399 47000 399 43900 399 37900 399 45300 399 73700 399 44200 399 45100 399 46500 399 44600 
500: 499 53900 499 52800 499 55500 499 53800 499 128300 499 52900 499 53200 499 68200 499 56900 499 56700 499 54700 499 51900 499 52300 499 72300 499 76600 499 55500 499 54900 499 53800 499 219600 499 58100 499 53600 499 50700 499 56000 499 57600 499 66300 499 54600 499 56800 499 51600 499 54200 499 164600 499 185000 499 198300 499 206900 499 117200 499 66300 499 109000 499 128500 499 112500 499 115700 499 72200 499 112000 499 120600 499 119100 499 130600 499 70000 499 192400 499 128800 499 200800 499 98400 499 68600 
600: 599 130700 599 85900 599 133900 599 80700 599 144200 599 130800 599 138100 599 84500 599 148400 599 126200 599 126400 599 161700 599 174400 599 81600 599 135400 599 83000 599 133300 599 169900 599 137100 599 81000 599 165900 599 80700 599 138600 599 75700 599 132000 599 78900 599 129900 599 73300 599 135200 599 93800 599 61100 599 63700 599 63500 599 61300 599 61400 599 64800 599 64100 599 80000 599 65200 599 57400 599 65600 599 64500 599 64200 599 55500 599 112200 599 65200 599 64700 599 64600 599 63600 599 64300 
700: 699 70900 699 75500 699 74600 699 82000 699 66500 699 76100 699 92400 699 66500 699 68800 699 71100 699 68900 699 74900 699 70700 699 96200 699 70700 699 101300 699 67900 699 66100 699 69200 699 70700 699 70100 699 67700 699 74200 699 64400 699 69900 699 247200 699 67200 699 70100 699 70600 699 67800 699 70300 699 72100 699 69300 699 64100 699 73600 699 71200 699 70000 699 73200 699 67100 699 69000 699 69300 699 74500 699 68500 699 70200 699 73200 699 72000 699 69000 699 62000 699 66700 699 65800 
800: 799 83100 799 81000 799 86100 799 87400 799 85200 799 69500 799 90000 799 85800 799 86200 799 84900 799 86300 799 83600 799 115000 799 71700 799 85600 799 91100 799 85400 799 70000 799 79500 799 73400 799 79600 799 77700 799 79300 799 75600 799 80900 799 82700 799 84100 799 83200 799 82300 799 83000 799 80400 799 70700 799 83900 799 73200 799 75600 799 76100 799 97900 799 112500 799 77300 799 77200 799 79200 799 80700 799 78900 799 80500 799 82100 799 85700 799 85500 799 132900 799 81000 799 69000 
900: 899 96600 899 94000 899 119000 899 92100 899 95600 899 97500 899 73400 899 93300 899 96100 899 96300 899 98700 899 97300 899 96500 899 393000 899 93500 899 93100 899 86200 899 83300 899 90600 899 78900 899 92800 899 112000 899 90900 899 89200 899 91400 899 95400 899 87300 899 83500 899 88900 899 378400 899 89400 899 96500 899 104000 899 90800 899 88300 899 98000 899 97500 899 97600 899 98600 899 120800 899 98300 899 79500 899 77100 899 88700 899 94700 899 87400 899 85300 899 92300 899 89200 899 91100 
1000: 999 92400 999 100900 999 105400 999 88500 999 96200 999 95900 999 98800 999 112500 999 101200 999 148000 999 103100 999 95000 999 97400 999 100800 999 113500 999 86500 999 89400 999 107600 999 93500 999 103600 999 102100 999 109500 999 100000 999 97100 999 104800 999 105000 999 93300 999 239000 999 353400 999 93800 999 97400 999 94000 999 124700 999 91100 999 96300 999 90300 999 99100 999 97900 999 101600 999 94300 999 97000 999 100200 999 106200 999 91300 999 92600 999 158800 999 86300 999 107200 999 86200 999 96800 